date,cumulative_cases,incident_cases,cumulative_deaths
11/22/19,"1,644",202,20
11/23/19,"1,797",153,22
11/24/19,"2,194",144,25
11/25/19,"2,437",243,32
11/26/19,"2,686",249,33
11/27/19,"2,936",250,39
11/28/19,"3,149",213,42
11/29/19,"3,357",208,44
11/30/19,"3,530",173,48
12/1/19,"3,728",198,53
12/2/19,"3,881",153,55
12/3/19,"4,052",171,60
12/4/19,"4,217",165,62
12/5/19,"4,357",140,63
12/6/19,"4,460",103,65
12/7/19,"4,581",121,68
12/8/19,"4,693",112,70